Tid;Temp_Topp[C];Temp_boks[C];Kjølevann_inn[C];Kjølevann_ut[C];Turtall[RPM];Dreiemoment[%];Effekt[W];Kjølevann[l/min]
15:37:19;24,471921;26,187547;18,371460;19,655643;0,031085;0,250327;0,000163;0,000740
15:37:29;24,503906;26,227503;18,387462;19,664984;0,005446;0,252003;0,000029;0,000577
15:37:39;24,527550;26,239156;18,390485;19,675123;0,054082;0,254467;0,000288;0,000830
15:37:49;24,548926;26,258769;18,404374;19,684409;0,047482;0,249933;0,000249;0,000844
15:37:59;24,571439;26,255767;18,416080;19,708284;0,015944;0,253038;0,000084;0,000623
15:38:09;24,608688;26,286038;18,430566;19,723546;-0,010318;0,255305;-0,000055;0,000934
15:38:19;24,610661;26,279830;19,921040;19,758906;-0,018216;0,254023;-0,000097;9,998916
15:38:29;24,639648;26,311446;18,857681;19,209390;0,031737;0,249982;0,000166;9,998470
15:38:39;24,640291;26,332375;17,251111;17,626405;0,036314;0,253876;0,000193;6,460488
15:38:49;24,668831;26,375181;17,278088;17,617880;-0,009667;0,251658;-0,000051;6,265258
15:38:59;24,680115;26,376226;17,245538;17,546354;0,040963;0,252101;0,000216;9,019169
15:39:09;24,711980;26,398606;16,718596;17,203423;0,063259;0,254368;0,000337;8,865867
15:39:19;24,723632;26,419989;15,924859;16,505929;0,033036;0,252299;0,000175;8,724813
15:39:29;24,758629;26,435433;15,466588;15,992799;0,021214;0,252496;0,000112;8,646257
15:39:39;24,802260;26,431980;15,254689;15,867777;-527,388619;-61,449614;678,747944;9,286403
15:39:49;23,847758;26,418751;15,160691;17,104205;-1303,553428;-70,127216;1914,582339;9,501723
15:39:59;19,367268;26,293001;15,093122;18,173720;-1387,668261;-69,420506;2017,585932;9,489962
15:40:09;12,603616;26,040420;15,035040;18,560010;-1399,987449;-73,038557;2141,583143;9,338800
15:40:19;5,527813;25,634944;14,974054;18,706612;-1400,834430;-76,648323;2248,785727;9,236700
15:40:29;-1,957617;25,052687;14,941189;18,726879;-1395,490619;-78,699096;2300,145342;9,405627
15:40:39;-9,074392;24,202231;14,948608;18,803621;-1392,136883;-83,006495;2420,207659;9,594713
15:40:49;-15,824121;23,169047;14,908008;18,814116;-1398,160873;-83,835567;2454,957985;9,623898
15:40:59;-22,143878;21,992668;14,696393;18,716014;-1393,571476;-87,324935;2548,743500;9,606829
15:41:09;-28,020440;20,449122;14,306526;18,419481;-1395,178755;-89,184199;2606,011828;9,553229
15:41:19;-33,544515;18,908125;13,869667;18,185429;-1397,542395;-89,641287;2623,805789;9,098786
15:41:29;-38,707918;17,037373;13,419961;17,841692;-1402,912459;-92,245055;2710,393083;9,096154
15:41:39;-43,527781;15,117056;13,056223;17,470850;-1396,104507;-92,461746;2703,576325;9,433783
15:41:49;-47,914059;13,190592;12,755776;17,082235;-1396,977097;-93,742932;2742,751320;9,392696
15:41:59;-51,957691;11,115962;12,542034;16,872139;-1392,338439;-94,969215;2769,403736;9,384346
15:42:09;-55,611041;9,091487;12,389521;16,779537;-1396,299514;-95,962641;2806,334209;9,211356
15:42:19;-58,981360;6,996233;12,285656;16,674235;-1398,427456;-98,063485;2872,141797;9,111261
15:42:29;-62,161132;4,828464;12,214807;16,594079;-1390,367415;-99,125856;2886,523824;9,204039
15:42:39;-65,148243;2,629155;12,196726;16,485494;-1396,021135;-100,598402;2941,316016;9,393521
15:42:49;-67,887529;0,379749;12,172814;16,458002;-1397,841795;-101,638005;2975,587773;9,375181
15:42:59;-70,389795;-1,849123;12,153417;16,410746;-1396,048048;-101,960209;2981,190292;9,543786
15:43:09;-72,744927;-3,942930;12,134197;16,363029;-1388,645239;-102,944467;2994,007835;9,461131
15:43:19;-74,989599;-6,110874;12,147363;16,366959;-1399,760944;-104,679736;3068,846071;9,345401
15:43:29;-77,137791;-8,172418;12,136689;16,612773;-1401,034684;-105,600323;3098,651601;8,802810
15:43:39;-79,208372;-10,169630;12,143423;16,585866;-1397,840480;-106,233349;3110,119672;8,934057
15:43:49;-81,140697;-12,147423;12,122896;16,599496;-1397,464270;-107,054387;3133,313118;8,865124
15:43:59;-82,874172;-14,062349;12,126378;16,586158;-1397,140581;-108,201030;3166,139997;8,892405
15:44:09;-84,545442;-15,773895;12,121527;16,592264;-1393,035720;-108,816956;3174,807796;8,831112
15:44:19;-86,178310;-17,653437;12,115326;16,593693;-1398,319781;-109,844928;3216,956021;8,871147
15:44:29;-87,860717;-19,399724;12,127363;16,609184;-1389,590695;-111,132862;3234,357418;8,958598
15:44:39;-89,413188;-21,053013;12,137421;16,639827;-1401,330788;-111,219647;3264,230298;8,859311
15:44:49;-90,732490;-22,614568;12,105249;16,604104;-1395,451880;-111,832862;3268,458084;8,844566
15:44:59;-91,841371;-24,205499;12,112382;16,618035;-1400,889579;-112,089719;3288,730607;8,900013
15:45:09;-92,897648;-25,726707;12,122290;16,605235;-1400,328870;-113,277217;3322,241708;8,842508
15:45:19;-93,906269;-27,279241;12,092300;16,606735;-1393,807187;-113,334138;3308,430829;8,823419
15:45:29;-94,833120;-28,691238;12,087699;16,611346;-1396,485976;-113,863179;3330,262727;8,784317
15:45:39;-95,754726;-30,067818;12,067025;16,397243;-1394,346883;-114,462152;3342,653418;9,437696
15:45:49;-96,607843;-31,402604;12,069141;16,360810;-1398,162203;-114,616552;3356,321148;9,559695
15:45:59;-97,379166;-32,741645;12,049704;16,375372;-1393,656832;-115,096213;3359,506565;9,328400
15:46:09;-98,176470;-33,994055;12,039484;16,368830;-1387,456194;-114,514291;3327,649558;9,387789
15:46:19;-98,902987;-35,224041;12,026622;16,332370;-1398,094573;-115,681386;3387,338893;9,225267
15:46:29;-99,574414;-36,418133;11,998011;16,385052;-1398,869326;-116,528345;3414,030062;9,357394
15:46:39;-100,332058;-37,425370;11,967128;16,304294;-1393,009419;-116,691074;3404,476213;9,510685
15:46:49;-101,024476;-38,432767;11,968670;16,278390;-1395,461731;-115,402943;3372,822064;9,475527
15:46:59;-101,331120;-39,499452;11,969169;16,317591;-1404,284030;-115,318918;3391,674206;9,403751
15:47:09;-101,518472;-40,567069;11,981979;16,237727;-1401,183060;-115,917989;3401,765160;9,526510
15:47:19;-101,860142;-41,490648;11,947519;16,198447;-1399,646700;-116,473839;3414,329496;9,482479
15:47:29;-102,360507;-42,279087;11,952703;16,228680;-1392,786216;-117,023825;3413,637213;9,560045
15:47:39;-102,935454;-43,246952;11,958437;16,234874;-1392,753393;-117,608703;3430,617515;9,504114
15:47:49;-103,592682;-44,066983;11,938190;16,287812;-1398,858817;-118,263069;3464,827695;9,362115
15:47:59;-104,442485;-44,798799;11,959055;16,231208;-1395,999463;-118,770179;3472,572145;9,452133
15:48:09;-105,085335;-45,645673;11,966859;16,362556;-1394,698138;-119,352051;3486,331824;9,357492
15:48:19;-105,755480;-46,327157;11,994149;16,378188;-1400,504826;-119,093912;3493,275063;9,180044
15:48:29;-106,096115;-47,122951;11,988607;16,398992;-1396,710523;-120,236415;3517,232165;9,261670
15:48:39;-106,675158;-47,857437;12,032676;16,436113;-1400,064911;-121,051044;3549,566567;9,348592
15:48:49;-107,203650;-48,491697;12,028858;16,536824;-1401,267106;-121,256747;3558,651452;9,130607
15:48:59;-107,573940;-49,312065;12,049914;16,566539;-1394,352123;-121,567765;3550,172929;9,254767
15:49:09;-108,293885;-49,953901;12,066084;16,515100;-1394,260864;-121,784605;3556,272605;9,401802
15:49:19;-108,436005;-50,563095;12,059887;16,568870;-1394,293705;-121,466737;3547,073959;9,332380
15:49:29;-108,624872;-51,297642;12,066293;16,747474;-1396,642898;-122,219272;3575,062855;8,808916
15:49:39;-108,910431;-51,974089;12,065550;16,745782;-1386,978864;-122,603178;3561,477322;8,980055
15:49:49;-109,202497;-52,578979;12,076524;16,733411;-1394,212286;-123,242364;3598,715701;8,882318
15:49:59;-109,510776;-53,136977;12,073348;16,785269;-1394,384305;-123,672841;3611,731333;8,738382
15:50:09;-109,970129;-53,705073;12,052558;16,792135;-1406,084996;-123,830543;3646,682603;8,708426
15:50:19;-110,275089;-54,328501;12,041919;16,796752;-1396,259463;-123,860063;3622,063329;8,625563
15:50:29;-110,490233;-54,891442;12,030283;16,859518;-1397,583766;-124,270236;3637,504873;8,835017
15:50:39;-110,853813;-55,456645;12,024070;16,804806;-1394,434864;-124,293596;3629,991420;8,811814
15:50:49;-111,064953;-55,957390;12,028639;16,809836;-1396,851024;-124,607226;3645,456587;8,799811
15:50:59;-111,215883;-56,445769;12,002843;16,777145;-1400,132558;-124,632113;3654,750433;8,930053
15:51:09;-111,512419;-56,973594;11,997654;16,751835;-1401,843575;-124,834563;3665,160644;8,955500
15:51:19;-111,715773;-57,439514;11,975717;16,702693;-1399,817410;-125,204029;3670,695081;9,031741
15:51:29;-111,932178;-57,843178;11,974202;16,704513;-1397,283706;-125,100784;3661,029586;8,898332
15:51:39;-112,126281;-58,243199;11,948108;16,524672;-1387,678124;-125,591730;3650,130557;9,555649
15:51:49;-112,355555;-58,583875;11,939644;16,479438;-1392,329900;-124,363526;3626,551010;9,230104
15:51:59;-112,563941;-59,022938;11,931335;16,520637;-1400,663723;-125,632289;3685,477520;9,242855
15:52:09;-112,631327;-59,397285;11,912068;16,463840;-1391,626709;-126,020581;3673,016213;9,356880
15:52:19;-112,689393;-59,760983;11,904967;16,422978;-1394,780216;-125,458422;3664,917579;9,312417
15:52:29;-112,840747;-60,034242;11,900340;16,377443;-1380,627209;-125,871503;3639,673784;9,515163
15:52:39;-113,003628;-60,191903;11,889389;16,421562;-1389,775849;-125,183281;3643,759509;9,405068
15:52:49;-113,092036;-57,430544;11,901195;16,366557;-1395,250977;-125,678762;3672,593337;9,487268
15:52:59;-113,244120;-55,280492;11,885274;16,440933;-1387,320273;-125,714245;3652,749052;9,246545
15:53:09;-113,350511;-53,562349;11,865743;16,368802;-1402,477158;-125,574875;3688,562669;9,445910
15:53:19;-113,392176;-52,301375;11,852602;16,333493;-1399,185135;-125,904916;3689,576206;9,529888
15:53:29;-113,539556;-51,655138;11,852148;16,273716;-1390,201960;-126,002051;3668,716251;9,525457
15:53:39;-113,679709;-51,491834;11,864758;16,301200;-1395,128199;-126,082627;3684,070892;9,514526
15:53:49;-113,821270;-51,566886;11,888192;16,331228;-1401,262504;-126,132697;3701,739021;9,499006
15:53:59;-113,934669;-51,457555;11,851262;16,300910;-1401,633468;-126,323664;3708,324991;9,341549
15:54:09;-114,069699;-51,866856;11,898276;16,480542;-1387,319619;-126,131022;3664,857180;9,021922
15:54:19;-114,147520;-52,336767;11,886650;16,539210;-1383,998697;-126,442582;3665,115367;9,360295
15:54:29;-114,247779;-52,718311;11,913992;16,467979;-1398,216689;-125,934337;3687,884039;9,332354
15:54:39;-114,244350;-52,970638;11,904043;16,422215;-1394,771679;-125,804233;3674,997002;9,316026
15:54:49;-114,286915;-53,111753;11,936196;16,487420;-1399,656552;-126,068236;3695,606929;9,138402
15:54:59;-114,326972;-53,579868;11,944380;16,367425;-1404,838175;-126,156303;3711,879493;9,454819
15:55:09;-114,385772;-54,100359;11,932295;16,362830;-1391,032507;-125,262231;3649,354349;9,591659
15:55:19;-114,457425;-54,354903;11,933601;16,359691;-1395,397391;-125,773334;3675,742609;9,535263
15:55:29;-114,575343;-54,701564;11,941240;16,532891;-1398,229163;-125,271546;3668,507448;8,707703
15:55:39;-114,570348;-55,066464;11,925569;16,606396;-1396,120273;-124,529804;3641,285660;8,771483
15:55:49;-114,405864;-55,386972;11,910417;16,629669;-1393,550468;-125,122616;3651,885311;8,715792
15:55:59;-114,354626;-55,472427;11,918669;16,669135;-1392,015413;-124,960971;3643,149965;8,569990
15:56:09;-114,303373;-55,558599;11,918667;16,623938;-1395,510974;-125,026614;3654,217057;8,909677
15:56:19;-114,290197;-55,750052;11,895344;16,546291;-1393,520262;-124,656064;3638,189460;8,715358
15:56:29;-114,346400;-55,933606;11,886863;16,602541;-1400,057712;-124,823277;3660,160530;8,599460
15:56:39;-114,273624;-55,878922;11,899275;16,680091;-1397,076897;-125,661759;3676,902049;8,589094
15:56:49;-114,257063;-55,950089;11,878858;16,693833;-1393,546531;-126,089181;3680,085537;8,699071
15:56:59;-114,314426;-56,048386;11,870971;16,704049;-1394,048146;-126,764737;3701,134325;8,572218
15:57:09;-114,361742;-56,059442;11,871092;16,687996;-1398,519374;-126,038076;3691,720939;8,869590
15:57:19;-114,415796;-56,105038;11,862256;16,644141;-1401,753626;-126,732852;3720,655928;8,782542
15:57:29;-114,443136;-56,238162;11,833435;16,602249;-1404,060798;-126,441300;3718,206283;8,955719
15:57:39;-114,529155;-56,234258;11,844191;16,465954;-1394,588488;-125,156225;3655,587175;9,607115
15:57:49;-114,422563;-56,461532;11,840225;16,345898;-1392,749449;-125,627755;3664,520934;9,353348
15:57:59;-114,372276;-56,391314;11,813747;16,345828;-1382,658656;-126,177297;3653,884468;9,446666
15:58:09;-114,361968;-56,328539;11,807454;16,292286;-1397,470171;-125,627558;3676,936055;9,307337
15:58:19;-114,484241;-56,449028;11,778209;16,306747;-1396,354015;-125,792997;3678,837601;9,314005
15:58:29;-114,396687;-56,482213;11,771907;16,322989;-1400,442459;-125,406873;3678,283701;9,496629
15:58:39;-114,602041;-56,573093;11,776080;16,199930;-1390,219697;-125,724003;3660,667216;9,415599
15:58:49;-114,575514;-56,642988;11,749417;16,169220;-1392,920819;-125,351136;3656,901948;9,553835
15:58:59;-114,521255;-56,553263;11,755349;16,186081;-1396,924569;-124,779269;3650,682009;9,460303
15:59:09;-114,484596;-56,583257;11,748522;16,145800;-1392,058086;-124,757880;3637,340503;9,495343
15:59:19;-114,421465;-56,904044;11,747783;16,151569;-1398,315839;-124,887837;3657,497461;9,525664
15:59:29;-114,416355;-56,935345;11,739831;16,166325;-1315,317151;-117,771334;3244,357401;9,566092
15:59:39;-114,318798;-56,899403;11,731340;15,033283;-565,387725;-104,945415;1242,706182;9,460439
15:59:49;-113,844639;-56,980769;11,749535;13,223089;-9,049751;-24,892053;4,717979;9,639138
15:59:59;-113,034116;-57,019707;11,754603;12,823876;22,131406;-27,031256;-12,529503;9,311917
16:00:09;-112,195905;-57,043518;11,759288;12,656833;0,146175;0,241062;0,000738;9,214032
16:00:19;-111,323823;-57,166320;11,784215;12,535451;-0,018152;0,231452;-0,000088;9,329410
16:00:29;-110,432780;-57,132403;11,786972;12,465849;0,049577;0,253777;0,000264;9,263827
